0.000000 339.584129
 100.000000 339.575652
 200.000000 339.558284
 300.000000 339.532025
 400.000000 339.496875
 500.000000 339.452838
 600.000000 339.399943
 700.000000 339.338224
 800.000000 339.267712
 900.000000 339.188441
 1000.000000 339.100442
 1100.000000 339.003746
 1200.000000 338.898383
 1300.000000 338.784389
 1400.000000 338.661822
 1500.000000 338.530743
 1600.000000 338.391215
 1700.000000 338.243300
 1800.000000 338.087058
 1900.000000 337.922550
 2000.000000 337.749836
 2100.000000 337.568981
 2200.000000 337.380068
 2300.000000 337.183185
 2400.000000 336.978422
 2500.000000 336.765865
 2600.000000 336.545601
 2700.000000 336.317718
 2800.000000 336.082303
 2900.000000 335.839446
 3000.000000 335.589251
 3100.000000 335.331828
 3200.000000 335.067283
 3300.000000 334.795726
 3400.000000 334.517264
 3500.000000 334.232006
 3600.000000 333.940059
 3700.000000 333.641533
 3800.000000 333.336548
 3900.000000 333.025225
 4000.000000 332.707685
 4100.000000 332.384050
 4200.000000 332.054442
 4300.000000 331.718982
 4400.000000 331.377793
 4500.000000 331.030999
 4600.000000 330.678725
 4700.000000 330.321103
 4800.000000 329.958260
 4900.000000 329.590326
 5000.000000 329.217432
 5100.000000 328.839707
 5200.000000 328.457282
 5300.000000 328.070288
 5400.000000 327.678859
 5500.000000 327.283127
 5600.000000 326.883228
 5700.000000 326.479295
 5800.000000 326.071464
 5900.000000 325.659870
 6000.000000 325.244651
 6100.000000 324.825942
 6200.000000 324.403880
 6300.000000 323.978603
 6400.000000 323.550250
 6500.000000 323.118958
 6600.000000 322.684868
 6700.000000 322.248120
 6800.000000 321.808855
 6900.000000 321.367212
 7000.000000 320.923332
 7100.000000 320.477353
 7200.000000 320.029414
 7300.000000 319.579657
 7400.000000 319.128221
 7500.000000 318.675249
 7600.000000 318.220883
 7700.000000 317.765266
 7800.000000 317.308535
 7900.000000 316.850829
 8000.000000 316.392286
 8100.000000 315.933045
 8200.000000 315.473246
 8300.000000 315.013031
 8400.000000 314.552540
 8500.000000 314.091915
 8600.000000 313.631293
 8700.000000 313.170808
 8800.000000 312.710598
 8900.000000 312.250800
 9000.000000 311.791552
 9100.000000 311.332992
 9200.000000 310.875260
 9300.000000 310.418496
 9400.000000 309.962833
 9500.000000 309.508404
 9600.000000 309.055342
 9700.000000 308.603782
 9800.000000 308.153859
 9900.000000 307.705709
 10000.000000 307.259468
 10100.000000 306.815273
 10200.000000 306.373253
 10300.000000 305.933539
 10400.000000 305.496259
 10500.000000 305.061545
 10600.000000 304.629529
 10700.000000 304.200341
 10800.000000 303.774116
 10900.000000 303.350984
 11000.000000 302.931070
 11100.000000 302.514499
 11200.000000 302.101394
 11300.000000 301.691880
 11400.000000 301.286082
 11500.000000 300.884127
 11600.000000 300.486140
 11700.000000 300.092246
 11800.000000 299.702563
 11900.000000 299.317203
 12000.000000 298.936281
 12100.000000 298.559914
 12200.000000 298.188216
 12300.000000 297.821304
 12400.000000 297.459293
 12500.000000 297.102298
 12600.000000 296.750422
 12700.000000 296.403767
 12800.000000 296.062434
 12900.000000 295.726524
 13000.000000 295.396139
 13100.000000 295.071382
 13200.000000 294.752355
 13300.000000 294.439155
 13400.000000 294.131869
 13500.000000 293.830579
 13600.000000 293.535367
 13700.000000 293.246316
 13800.000000 292.963506
 13900.000000 292.687020
 14000.000000 292.416940
 14100.000000 292.153344
 14200.000000 291.896292
 14300.000000 291.645841
 14400.000000 291.402048
 14500.000000 291.164968
 14600.000000 290.934657
 14700.000000 290.711171
 14800.000000 290.494565
 14900.000000 290.284889
 15000.000000 290.082173
 15100.000000 289.886445
 15200.000000 289.697728
 15300.000000 289.516048
 15400.000000 289.341429
 15500.000000 289.173895
 15600.000000 289.013470
 15700.000000 288.860172
 15800.000000 288.713997
 15900.000000 288.574937
 16000.000000 288.442983
 16100.000000 288.318126
 16200.000000 288.200355
 16300.000000 288.089660
 16400.000000 287.986029
 16500.000000 287.889446
 16600.000000 287.799876
 16700.000000 287.717276
 16800.000000 287.641605
 16900.000000 287.572822
 17000.000000 287.510882
 17100.000000 287.455743
 17200.000000 287.407361
 17300.000000 287.365687
 17400.000000 287.330656
 17500.000000 287.302198
 17600.000000 287.280241
 17700.000000 287.264716
 17800.000000 287.255551
 17900.000000 287.252673
 18000.000000 287.256010
 18100.000000 287.265486
 18200.000000 287.281011
 18300.000000 287.302492
 18400.000000 287.329834
 18500.000000 287.362944
 18600.000000 287.401725
 18700.000000 287.446084
 18800.000000 287.495925
 18900.000000 287.551150
 19000.000000 287.611652
 19100.000000 287.677320
 19200.000000 287.748043
 19300.000000 287.823712
 19400.000000 287.904215
 19500.000000 287.989441
 19600.000000 288.079280
 19700.000000 288.173618
 19800.000000 288.272339
 19900.000000 288.375322
 20000.000000 288.482449
 20100.000000 288.593600
 20200.000000 288.708657
 20300.000000 288.827499
 20400.000000 288.950008
 20500.000000 289.076065
 20600.000000 289.205549
 20700.000000 289.338340
 20800.000000 289.474320
 20900.000000 289.613367
 21000.000000 289.755363
 21100.000000 289.900187
 21200.000000 290.047722
 21300.000000 290.197847
 21400.000000 290.350450
 21500.000000 290.505416
 21600.000000 290.662633
 21700.000000 290.821987
 21800.000000 290.983366
 21900.000000 291.146657
 22000.000000 291.311748
 22100.000000 291.478530
 22200.000000 291.646899
 22300.000000 291.816757
 22400.000000 291.988004
 22500.000000 292.160542
 22600.000000 292.334272
 22700.000000 292.509095
 22800.000000 292.684912
 22900.000000 292.861629
 23000.000000 293.039164
 23100.000000 293.217436
 23200.000000 293.396368
 23300.000000 293.575879
 23400.000000 293.755893
 23500.000000 293.936330
 23600.000000 294.117112
 23700.000000 294.298164
 23800.000000 294.479427
 23900.000000 294.660844
 24000.000000 294.842359
 24100.000000 295.023915
 24200.000000 295.205455
 24300.000000 295.386925
 24400.000000 295.568269
 24500.000000 295.749433
 24600.000000 295.930379
 24700.000000 296.111071
 24800.000000 296.291474
 24900.000000 296.471551
 25000.000000 296.651268
 25100.000000 296.830589
 25200.000000 297.009478
 25300.000000 297.187904
 25400.000000 297.365844
 25500.000000 297.543278
 25600.000000 297.720186
 25700.000000 297.896548
 25800.000000 298.072346
 25900.000000 298.247560
 26000.000000 298.422169
 26100.000000 298.596157
 26200.000000 298.769512
 26300.000000 298.942225
 26400.000000 299.114286
 26500.000000 299.285687
 26600.000000 299.456417
 26700.000000 299.626468
 26800.000000 299.795829
 26900.000000 299.964494
 27000.000000 300.132458
 27100.000000 300.299717
 27200.000000 300.466269
 27300.000000 300.632112
 27400.000000 300.797241
 27500.000000 300.961654
 27600.000000 301.125348
 27700.000000 301.288320
 27800.000000 301.450573
 27900.000000 301.612106
 28000.000000 301.772923
 28100.000000 301.933024
 28200.000000 302.092412
 28300.000000 302.251087
 28400.000000 302.409053
 28500.000000 302.566310
 28600.000000 302.722863
 28700.000000 302.878720
 28800.000000 303.033884
 28900.000000 303.188362
 29000.000000 303.342160
 29100.000000 303.495282
 29200.000000 303.647735
 29300.000000 303.799525
 29400.000000 303.950659
 29500.000000 304.101146
 29600.000000 304.250994
 29700.000000 304.400213
 29800.000000 304.548810
 29900.000000 304.696794
 30000.000000 304.844173
 30100.000000 304.990956
 30200.000000 305.137153
 30300.000000 305.282772
 30400.000000 305.427825
 30500.000000 305.572321
 30600.000000 305.716270
 30700.000000 305.859681
 30800.000000 306.002563
 30900.000000 306.144928
 31000.000000 306.286784
 31100.000000 306.428141
 31200.000000 306.569009
 31300.000000 306.709397
 31400.000000 306.849315
 31500.000000 306.988773
 31600.000000 307.127780
 31700.000000 307.266346
 31800.000000 307.404480
 31900.000000 307.542191
 32000.000000 307.679489
 32100.000000 307.816384
 32200.000000 307.952883
 32300.000000 308.088997
 32400.000000 308.224735
 32500.000000 308.360105
 32600.000000 308.495118
 32700.000000 308.629782
 32800.000000 308.764107
 32900.000000 308.898103
 33000.000000 309.031777
 33100.000000 309.165141
 33200.000000 309.298202
 33300.000000 309.430970
 33400.000000 309.563455
 33500.000000 309.695665
 33600.000000 309.827609
 33700.000000 309.959297
 33800.000000 310.090738
 33900.000000 310.221941
 34000.000000 310.352915
 34100.000000 310.483669
 34200.000000 310.614210
 34300.000000 310.744548
 34400.000000 310.874689
 34500.000000 311.004642
 34600.000000 311.134414
 34700.000000 311.264013
 34800.000000 311.393448
 34900.000000 311.522726
 35000.000000 311.651851
 35100.000000 311.780828
 35200.000000 311.909663
 35300.000000 312.038359
 35400.000000 312.166922
 35500.000000 312.295356
 35600.000000 312.423665
 35700.000000 312.551855
 35800.000000 312.679924
 35900.000000 312.807873
 36000.000000 312.935701
 36100.000000 313.063408
 36200.000000 313.190993
 36300.000000 313.318457
 36400.000000 313.445798
 36500.000000 313.573016
 36600.000000 313.700104
 36700.000000 313.827058
 36800.000000 313.953869
 36900.000000 314.080533
 37000.000000 314.207042
 37100.000000 314.333391
 37200.000000 314.459573
 37300.000000 314.585580
 37400.000000 314.711402
 37500.000000 314.837027
 37600.000000 314.962441
 37700.000000 315.087633
 37800.000000 315.212590
 37900.000000 315.337301
 38000.000000 315.461753
 38100.000000 315.585934
 38200.000000 315.709826
 38300.000000 315.833412
 38400.000000 315.956674
 38500.000000 316.079596
 38600.000000 316.202160
 38700.000000 316.324349
 38800.000000 316.446145
 38900.000000 316.567531
 39000.000000 316.688485
 39100.000000 316.808986
 39200.000000 316.929013
 39300.000000 317.048545
 39400.000000 317.167560
 39500.000000 317.286038
 39600.000000 317.403956
 39700.000000 317.521293
 39800.000000 317.638027
 39900.000000 317.754133
 40000.000000 317.869588
 40100.000000 317.984369
 40200.000000 318.098451
 40300.000000 318.211812
 40400.000000 318.324428
 40500.000000 318.436276
 40600.000000 318.547331
 40700.000000 318.657569
 40800.000000 318.766965
 40900.000000 318.875495
 41000.000000 318.983134
 41100.000000 319.089858
 41200.000000 319.195642
 41300.000000 319.300463
 41400.000000 319.404295
 41500.000000 319.507114
 41600.000000 319.608895
 41700.000000 319.709613
 41800.000000 319.809244
 41900.000000 319.907763
 42000.000000 320.005144
 42100.000000 320.101365
 42200.000000 320.196399
 42300.000000 320.290222
 42400.000000 320.382810
 42500.000000 320.474139
 42600.000000 320.564183
 42700.000000 320.652918
 42800.000000 320.740320
 42900.000000 320.826364
 43000.000000 320.911026
 43100.000000 320.994282
 43200.000000 321.076109
 43300.000000 321.156482
 43400.000000 321.235378
 43500.000000 321.312774
 43600.000000 321.388644
 43700.000000 321.462965
 43800.000000 321.535716
 43900.000000 321.606873
 44000.000000 321.676415
 44100.000000 321.744319
 44200.000000 321.810563
 44300.000000 321.875125
 44400.000000 321.937982
 44500.000000 321.999113
 44600.000000 322.058499
 44700.000000 322.116119
 44800.000000 322.171957
 44900.000000 322.225991
 45000.000000 322.278204
 45100.000000 322.328577
 45200.000000 322.377090
 45300.000000 322.423725
 45400.000000 322.468467
 45500.000000 322.511302
 45600.000000 322.552216
 45700.000000 322.591195
 45800.000000 322.628225
 45900.000000 322.663292
 46000.000000 322.696380
 46100.000000 322.727478
 46200.000000 322.756575
 46300.000000 322.783662
 46400.000000 322.808729
 46500.000000 322.831769
 46600.000000 322.852771
 46700.000000 322.871727
 46800.000000 322.888627
 46900.000000 322.903463
 47000.000000 322.916230
 47100.000000 322.926922
 47200.000000 322.935535
 47300.000000 322.942064
 47400.000000 322.946504
 47500.000000 322.948851
 47600.000000 322.949099
 47700.000000 322.947245
 47800.000000 322.943286
 47900.000000 322.937222
 48000.000000 322.929053
 48100.000000 322.918777
 48200.000000 322.906394
 48300.000000 322.891902
 48400.000000 322.875301
 48500.000000 322.856591
 48600.000000 322.835773
 48700.000000 322.812851
 48800.000000 322.787827
 48900.000000 322.760705
 49000.000000 322.731488
 49100.000000 322.700177
 49200.000000 322.666777
 49300.000000 322.631290
 49400.000000 322.593723
 49500.000000 322.554081
 49600.000000 322.512371
 49700.000000 322.468600
 49800.000000 322.422774
 49900.000000 322.374899
 50000.000000 322.324981
 50100.000000 322.273028
 50200.000000 322.219047
 50300.000000 322.163050
 50400.000000 322.105046
 50500.000000 322.045043
 50600.000000 321.983052
 50700.000000 321.919081
 50800.000000 321.853142
 50900.000000 321.785242
 51000.000000 321.715395
 51100.000000 321.643612
 51200.000000 321.569906
 51300.000000 321.494289
 51400.000000 321.416773
 51500.000000 321.337371
 51600.000000 321.256093
 51700.000000 321.172954
 51800.000000 321.087966
 51900.000000 321.001145
 52000.000000 320.912503
 52100.000000 320.822056
 52200.000000 320.729816
 52300.000000 320.635799
 52400.000000 320.540019
 52500.000000 320.442488
 52600.000000 320.343224
 52700.000000 320.242240
 52800.000000 320.139552
 52900.000000 320.035176
 53000.000000 319.929125
 53100.000000 319.821416
 53200.000000 319.712064
 53300.000000 319.601083
 53400.000000 319.488490
 53500.000000 319.374300
 53600.000000 319.258530
 53700.000000 319.141195
 53800.000000 319.022311
 53900.000000 318.901894
 54000.000000 318.779960
 54100.000000 318.656524
 54200.000000 318.531604
 54300.000000 318.405216
 54400.000000 318.277376
 54500.000000 318.148101
 54600.000000 318.017406
 54700.000000 317.885310
 54800.000000 317.751828
 54900.000000 317.616977
 55000.000000 317.480774
 55100.000000 317.343237
 55200.000000 317.204382
 55300.000000 317.064226
 55400.000000 316.922788
 55500.000000 316.780084
 55600.000000 316.636132
 55700.000000 316.490949
 55800.000000 316.344553
 55900.000000 316.196964
 56000.000000 316.048199
 56100.000000 315.898277
 56200.000000 315.747217
 56300.000000 315.595037
 56400.000000 315.441757
 56500.000000 315.287394
 56600.000000 315.131969
 56700.000000 314.975504
 56800.000000 314.818018
 56900.000000 314.659532
 57000.000000 314.500068
 57100.000000 314.339645
 57200.000000 314.178285
 57300.000000 314.016009
 57400.000000 313.852840
 57500.000000 313.688801
 57600.000000 313.523916
 57700.000000 313.358208
 57800.000000 313.191701
 57900.000000 313.024418
 58000.000000 312.856382
 58100.000000 312.687619
 58200.000000 312.518153
 58300.000000 312.348010
 58400.000000 312.177217
 58500.000000 312.005798
 58600.000000 311.833781
 58700.000000 311.661191
 58800.000000 311.488054
 58900.000000 311.314397
 59000.000000 311.140247
 59100.000000 310.965630
 59200.000000 310.790575
 59300.000000 310.615108
 59400.000000 310.439256
 59500.000000 310.263047
 59600.000000 310.086508
 59700.000000 309.909667
 59800.000000 309.732551
 59900.000000 309.555186
 60000.000000 309.377600
 60100.000000 309.199819
 60200.000000 309.021870
 60300.000000 308.843781
 60400.000000 308.665579
 60500.000000 308.487290
 60600.000000 308.308940
 60700.000000 308.130554
 60800.000000 307.952156
 60900.000000 307.773771
 61000.000000 307.595425
 61100.000000 307.417142
 61200.000000 307.238947
 61300.000000 307.060866
 61400.000000 306.882918
 61500.000000 306.705125
 61600.000000 306.527506
 61700.000000 306.350083
 61800.000000 306.172875
 61900.000000 305.995903
 62000.000000 305.819187
 62100.000000 305.642748
 62200.000000 305.466599
 62300.000000 305.290755
 62400.000000 305.115228
 62500.000000 304.940032
 62600.000000 304.765180
 62700.000000 304.590686
 62800.000000 304.416563
 62900.000000 304.242824
 63000.000000 304.069475
 63100.000000 303.896520
 63200.000000 303.723963
 63300.000000 303.551810
 63400.000000 303.380065
 63500.000000 303.208733
 63600.000000 303.037818
 63700.000000 302.867323
 63800.000000 302.697244
 63900.000000 302.527576
 64000.000000 302.358312
 64100.000000 302.189448
 64200.000000 302.020978
 64300.000000 301.852895
 64400.000000 301.685194
 64500.000000 301.517868
 64600.000000 301.350901
 64700.000000 301.184278
 64800.000000 301.017982
 64900.000000 300.851995
 65000.000000 300.686303
 65100.000000 300.520887
 65200.000000 300.355732
 65300.000000 300.190819
 65400.000000 300.026123
 65500.000000 299.861618
 65600.000000 299.697276
 65700.000000 299.533072
 65800.000000 299.368977
 65900.000000 299.204967
 66000.000000 299.041012
 66100.000000 298.877087
 66200.000000 298.713156
 66300.000000 298.549186
 66400.000000 298.385142
 66500.000000 298.220990
 66600.000000 298.056694
 66700.000000 297.892220
 66800.000000 297.727533
 66900.000000 297.562598
 67000.000000 297.397376
 67100.000000 297.231829
 67200.000000 297.065919
 67300.000000 296.899608
 67400.000000 296.732856
 67500.000000 296.565625
 67600.000000 296.397877
 67700.000000 296.229573
 67800.000000 296.060676
 67900.000000 295.891150
 68000.000000 295.720958
 68100.000000 295.550065
 68200.000000 295.378434
 68300.000000 295.206027
 68400.000000 295.032809
 68500.000000 294.858743
 68600.000000 294.683802
 68700.000000 294.507957
 68800.000000 294.331180
 68900.000000 294.153444
 69000.000000 293.974721
 69100.000000 293.794982
 69200.000000 293.614200
 69300.000000 293.432350
 69400.000000 293.249415
 69500.000000 293.065383
 69600.000000 292.880242
 69700.000000 292.693978
 69800.000000 292.506578
 69900.000000 292.318030
 70000.000000 292.128321
 70100.000000 291.937441
 70200.000000 291.745394
 70300.000000 291.552189
 70400.000000 291.357833
 70500.000000 291.162334
 70600.000000 290.965702
 70700.000000 290.767942
 70800.000000 290.569064
 70900.000000 290.369081
 71000.000000 290.168021
 71100.000000 289.965919
 71200.000000 289.762810
 71300.000000 289.558729
 71400.000000 289.353709
 71500.000000 289.147787
 71600.000000 288.940995
 71700.000000 288.733376
 71800.000000 288.524989
 71900.000000 288.315899
 72000.000000 288.106173
 72100.000000 287.895877
 72200.000000 287.685077
 72300.000000 287.473839
 72400.000000 287.262231
 72500.000000 287.050324
 72600.000000 286.838211
 72700.000000 286.625992
 72800.000000 286.413766
 72900.000000 286.201633
 73000.000000 285.989691
 73100.000000 285.778042
 73200.000000 285.566785
 73300.000000 285.356027
 73400.000000 285.145891
 73500.000000 284.936506
 73600.000000 284.728003
 73700.000000 284.520511
 73800.000000 284.314161
 73900.000000 284.109084
 74000.000000 283.905410
 74100.000000 283.703275
 74200.000000 283.502825
 74300.000000 283.304211
 74400.000000 283.107585
 74500.000000 282.913097
 74600.000000 282.720899
 74700.000000 282.531144
 74800.000000 282.343984
 74900.000000 282.159572
 75000.000000 281.978063
 75100.000000 281.799611
 75200.000000 281.624373
 75300.000000 281.452505
 75400.000000 281.284161
 75500.000000 281.119500
 75600.000000 280.958677
 75700.000000 280.801845
 75800.000000 280.649147
 75900.000000 280.500722
 76000.000000 280.356707
 76100.000000 280.217242
 76200.000000 280.082465
 76300.000000 279.952516
 76400.000000 279.827533
 76500.000000 279.707650
 76600.000000 279.592978
 76700.000000 279.483620
 76800.000000 279.379682
 76900.000000 279.281269
 77000.000000 279.188485
 77100.000000 279.101434
 77200.000000 279.020219
 77300.000000 278.944939
 77400.000000 278.875658
 77500.000000 278.812436
 77600.000000 278.755333
 77700.000000 278.704405
 77800.000000 278.659711
 77900.000000 278.621308
 78000.000000 278.589254
 78100.000000 278.563597
 78200.000000 278.544350
 78300.000000 278.531519
 78400.000000 278.525107
