0.000000 0.959634
 100.000000 0.959472
 200.000000 0.959148
 300.000000 0.958663
 400.000000 0.958015
 500.000000 0.957205
 600.000000 0.956235
 700.000000 0.955104
 800.000000 0.953814
 900.000000 0.952366
 1000.000000 0.950760
 1100.000000 0.948997
 1200.000000 0.947078
 1300.000000 0.945004
 1400.000000 0.942777
 1500.000000 0.940397
 1600.000000 0.937867
 1700.000000 0.935189
 1800.000000 0.932364
 1900.000000 0.929394
 2000.000000 0.926280
 2100.000000 0.923024
 2200.000000 0.919629
 2300.000000 0.916096
 2400.000000 0.912429
 2500.000000 0.908630
 2600.000000 0.904702
 2700.000000 0.900646
 2800.000000 0.896465
 2900.000000 0.892163
 3000.000000 0.887741
 3100.000000 0.883203
 3200.000000 0.878553
 3300.000000 0.873793
 3400.000000 0.868926
 3500.000000 0.863956
 3600.000000 0.858886
 3700.000000 0.853718
 3800.000000 0.848458
 3900.000000 0.843106
 4000.000000 0.837669
 4100.000000 0.832147
 4200.000000 0.826546
 4300.000000 0.820868
 4400.000000 0.815118
 4500.000000 0.809298
 4600.000000 0.803412
 4700.000000 0.797463
 4800.000000 0.791454
 4900.000000 0.785389
 5000.000000 0.779271
 5100.000000 0.773103
 5200.000000 0.766889
 5300.000000 0.760633
 5400.000000 0.754336
 5500.000000 0.748003
 5600.000000 0.741635
 5700.000000 0.735236
 5800.000000 0.728809
 5900.000000 0.722356
 6000.000000 0.715882
 6100.000000 0.709388
 6200.000000 0.702878
 6300.000000 0.696353
 6400.000000 0.689816
 6500.000000 0.683270
 6600.000000 0.676717
 6700.000000 0.670159
 6800.000000 0.663599
 6900.000000 0.657040
 7000.000000 0.650483
 7100.000000 0.643931
 7200.000000 0.637385
 7300.000000 0.630847
 7400.000000 0.624319
 7500.000000 0.617804
 7600.000000 0.611302
 7700.000000 0.604817
 7800.000000 0.598350
 7900.000000 0.591901
 8000.000000 0.585473
 8100.000000 0.579067
 8200.000000 0.572684
 8300.000000 0.566325
 8400.000000 0.559994
 8500.000000 0.553690
 8600.000000 0.547415
 8700.000000 0.541170
 8800.000000 0.534955
 8900.000000 0.528773
 9000.000000 0.522623
 9100.000000 0.516507
 9200.000000 0.510426
 9300.000000 0.504381
 9400.000000 0.498373
 9500.000000 0.492403
 9600.000000 0.486470
 9700.000000 0.480576
 9800.000000 0.474720
 9900.000000 0.468905
 10000.000000 0.463131
 10100.000000 0.457398
 10200.000000 0.451706
 10300.000000 0.446056
 10400.000000 0.440449
 10500.000000 0.434884
 10600.000000 0.429362
 10700.000000 0.423884
 10800.000000 0.418450
 10900.000000 0.413059
 11000.000000 0.407713
 11100.000000 0.402411
 11200.000000 0.397154
 11300.000000 0.391942
 11400.000000 0.386774
 11500.000000 0.381651
 11600.000000 0.376574
 11700.000000 0.371541
 11800.000000 0.366554
 11900.000000 0.361613
 12000.000000 0.356716
 12100.000000 0.351865
 12200.000000 0.347059
 12300.000000 0.342298
 12400.000000 0.337582
 12500.000000 0.332911
 12600.000000 0.328286
 12700.000000 0.323705
 12800.000000 0.319169
 12900.000000 0.314678
 13000.000000 0.310232
 13100.000000 0.305831
 13200.000000 0.301473
 13300.000000 0.297161
 13400.000000 0.292892
 13500.000000 0.288667
 13600.000000 0.284487
 13700.000000 0.280350
 13800.000000 0.276257
 13900.000000 0.272207
 14000.000000 0.268201
 14100.000000 0.264238
 14200.000000 0.260317
 14300.000000 0.256440
 14400.000000 0.252605
 14500.000000 0.248813
 14600.000000 0.245063
 14700.000000 0.241355
 14800.000000 0.237689
 14900.000000 0.234065
 15000.000000 0.230483
 15100.000000 0.226942
 15200.000000 0.223442
 15300.000000 0.219983
 15400.000000 0.216566
 15500.000000 0.213189
 15600.000000 0.209852
 15700.000000 0.206556
 15800.000000 0.203300
 15900.000000 0.200084
 16000.000000 0.196907
 16100.000000 0.193770
 16200.000000 0.190673
 16300.000000 0.187615
 16400.000000 0.184596
 16500.000000 0.181615
 16600.000000 0.178673
 16700.000000 0.175770
 16800.000000 0.172905
 16900.000000 0.170077
 17000.000000 0.167288
 17100.000000 0.164536
 17200.000000 0.161821
 17300.000000 0.159143
 17400.000000 0.156502
 17500.000000 0.153898
 17600.000000 0.151330
 17700.000000 0.148799
 17800.000000 0.146303
 17900.000000 0.143843
 18000.000000 0.141419
 18100.000000 0.139029
 18200.000000 0.136675
 18300.000000 0.134355
 18400.000000 0.132070
 18500.000000 0.129818
 18600.000000 0.127601
 18700.000000 0.125417
 18800.000000 0.123267
 18900.000000 0.121150
 19000.000000 0.119065
 19100.000000 0.117013
 19200.000000 0.114993
 19300.000000 0.113005
 19400.000000 0.111049
 19500.000000 0.109124
 19600.000000 0.107229
 19700.000000 0.105366
 19800.000000 0.103533
 19900.000000 0.101730
 20000.000000 0.099956
 20100.000000 0.098213
 20200.000000 0.096498
 20300.000000 0.094812
 20400.000000 0.093154
 20500.000000 0.091524
 20600.000000 0.089923
 20700.000000 0.088348
 20800.000000 0.086801
 20900.000000 0.085280
 21000.000000 0.083786
 21100.000000 0.082318
 21200.000000 0.080875
 21300.000000 0.079458
 21400.000000 0.078066
 21500.000000 0.076699
 21600.000000 0.075355
 21700.000000 0.074036
 21800.000000 0.072741
 21900.000000 0.071469
 22000.000000 0.070219
 22100.000000 0.068992
 22200.000000 0.067788
 22300.000000 0.066605
 22400.000000 0.065444
 22500.000000 0.064304
 22600.000000 0.063185
 22700.000000 0.062087
 22800.000000 0.061009
 22900.000000 0.059950
 23000.000000 0.058911
 23100.000000 0.057892
 23200.000000 0.056891
 23300.000000 0.055909
 23400.000000 0.054945
 23500.000000 0.053998
 23600.000000 0.053070
 23700.000000 0.052159
 23800.000000 0.051264
 23900.000000 0.050387
 24000.000000 0.049525
 24100.000000 0.048680
 24200.000000 0.047851
 24300.000000 0.047037
 24400.000000 0.046238
 24500.000000 0.045454
 24600.000000 0.044684
 24700.000000 0.043929
 24800.000000 0.043188
 24900.000000 0.042461
 25000.000000 0.041747
 25100.000000 0.041047
 25200.000000 0.040359
 25300.000000 0.039685
 25400.000000 0.039022
 25500.000000 0.038372
 25600.000000 0.037734
 25700.000000 0.037108
 25800.000000 0.036493
 25900.000000 0.035890
 26000.000000 0.035297
 26100.000000 0.034715
 26200.000000 0.034144
 26300.000000 0.033584
 26400.000000 0.033033
 26500.000000 0.032493
 26600.000000 0.031962
 26700.000000 0.031441
 26800.000000 0.030930
 26900.000000 0.030427
 27000.000000 0.029934
 27100.000000 0.029450
 27200.000000 0.028974
 27300.000000 0.028506
 27400.000000 0.028047
 27500.000000 0.027596
 27600.000000 0.027153
 27700.000000 0.026718
 27800.000000 0.026291
 27900.000000 0.025871
 28000.000000 0.025459
 28100.000000 0.025053
 28200.000000 0.024655
 28300.000000 0.024264
 28400.000000 0.023879
 28500.000000 0.023502
 28600.000000 0.023131
 28700.000000 0.022766
 28800.000000 0.022407
 28900.000000 0.022055
 29000.000000 0.021709
 29100.000000 0.021368
 29200.000000 0.021034
 29300.000000 0.020705
 29400.000000 0.020382
 29500.000000 0.020064
 29600.000000 0.019752
 29700.000000 0.019445
 29800.000000 0.019143
 29900.000000 0.018846
 30000.000000 0.018555
 30100.000000 0.018268
 30200.000000 0.017986
 30300.000000 0.017708
 30400.000000 0.017436
 30500.000000 0.017167
 30600.000000 0.016904
 30700.000000 0.016644
 30800.000000 0.016389
 30900.000000 0.016138
 31000.000000 0.015892
 31100.000000 0.015649
 31200.000000 0.015410
 31300.000000 0.015176
 31400.000000 0.014945
 31500.000000 0.014718
 31600.000000 0.014494
 31700.000000 0.014274
 31800.000000 0.014058
 31900.000000 0.013845
 32000.000000 0.013636
 32100.000000 0.013430
 32200.000000 0.013228
 32300.000000 0.013028
 32400.000000 0.012832
 32500.000000 0.012639
 32600.000000 0.012449
 32700.000000 0.012262
 32800.000000 0.012079
 32900.000000 0.011898
 33000.000000 0.011720
 33100.000000 0.011544
 33200.000000 0.011372
 33300.000000 0.011202
 33400.000000 0.011035
 33500.000000 0.010871
 33600.000000 0.010709
 33700.000000 0.010550
 33800.000000 0.010393
 33900.000000 0.010239
 34000.000000 0.010087
 34100.000000 0.009938
 34200.000000 0.009790
 34300.000000 0.009646
 34400.000000 0.009503
 34500.000000 0.009363
 34600.000000 0.009225
 34700.000000 0.009089
 34800.000000 0.008955
 34900.000000 0.008823
 35000.000000 0.008694
 35100.000000 0.008566
 35200.000000 0.008440
 35300.000000 0.008316
 35400.000000 0.008195
 35500.000000 0.008075
 35600.000000 0.007957
 35700.000000 0.007840
 35800.000000 0.007726
 35900.000000 0.007613
 36000.000000 0.007502
 36100.000000 0.007393
 36200.000000 0.007285
 36300.000000 0.007179
 36400.000000 0.007075
 36500.000000 0.006972
 36600.000000 0.006871
 36700.000000 0.006771
 36800.000000 0.006673
 36900.000000 0.006577
 37000.000000 0.006482
 37100.000000 0.006388
 37200.000000 0.006296
 37300.000000 0.006205
 37400.000000 0.006116
 37500.000000 0.006028
 37600.000000 0.005941
 37700.000000 0.005856
 37800.000000 0.005771
 37900.000000 0.005689
 38000.000000 0.005607
 38100.000000 0.005527
 38200.000000 0.005448
 38300.000000 0.005370
 38400.000000 0.005293
 38500.000000 0.005218
 38600.000000 0.005143
 38700.000000 0.005070
 38800.000000 0.004998
 38900.000000 0.004927
 39000.000000 0.004857
 39100.000000 0.004788
 39200.000000 0.004720
 39300.000000 0.004653
 39400.000000 0.004587
 39500.000000 0.004523
 39600.000000 0.004459
 39700.000000 0.004396
 39800.000000 0.004334
 39900.000000 0.004273
 40000.000000 0.004213
 40100.000000 0.004154
 40200.000000 0.004096
 40300.000000 0.004038
 40400.000000 0.003982
 40500.000000 0.003926
 40600.000000 0.003871
 40700.000000 0.003817
 40800.000000 0.003764
 40900.000000 0.003712
 41000.000000 0.003660
 41100.000000 0.003609
 41200.000000 0.003559
 41300.000000 0.003510
 41400.000000 0.003462
 41500.000000 0.003414
 41600.000000 0.003367
 41700.000000 0.003320
 41800.000000 0.003275
 41900.000000 0.003230
 42000.000000 0.003185
 42100.000000 0.003142
 42200.000000 0.003099
 42300.000000 0.003056
 42400.000000 0.003015
 42500.000000 0.002973
 42600.000000 0.002933
 42700.000000 0.002893
 42800.000000 0.002854
 42900.000000 0.002815
 43000.000000 0.002777
 43100.000000 0.002739
 43200.000000 0.002702
 43300.000000 0.002666
 43400.000000 0.002630
 43500.000000 0.002594
 43600.000000 0.002559
 43700.000000 0.002525
 43800.000000 0.002491
 43900.000000 0.002458
 44000.000000 0.002425
 44100.000000 0.002392
 44200.000000 0.002360
 44300.000000 0.002329
 44400.000000 0.002298
 44500.000000 0.002267
 44600.000000 0.002237
 44700.000000 0.002207
 44800.000000 0.002178
 44900.000000 0.002149
 45000.000000 0.002121
 45100.000000 0.002093
 45200.000000 0.002065
 45300.000000 0.002038
 45400.000000 0.002011
 45500.000000 0.001984
 45600.000000 0.001958
 45700.000000 0.001932
 45800.000000 0.001907
 45900.000000 0.001882
 46000.000000 0.001857
 46100.000000 0.001833
 46200.000000 0.001809
 46300.000000 0.001785
 46400.000000 0.001761
 46500.000000 0.001738
 46600.000000 0.001716
 46700.000000 0.001693
 46800.000000 0.001671
 46900.000000 0.001649
 47000.000000 0.001628
 47100.000000 0.001606
 47200.000000 0.001585
 47300.000000 0.001565
 47400.000000 0.001544
 47500.000000 0.001524
 47600.000000 0.001504
 47700.000000 0.001485
 47800.000000 0.001466
 47900.000000 0.001447
 48000.000000 0.001428
 48100.000000 0.001409
 48200.000000 0.001391
 48300.000000 0.001373
 48400.000000 0.001355
 48500.000000 0.001337
 48600.000000 0.001320
 48700.000000 0.001303
 48800.000000 0.001286
 48900.000000 0.001269
 49000.000000 0.001253
 49100.000000 0.001237
 49200.000000 0.001221
 49300.000000 0.001205
 49400.000000 0.001189
 49500.000000 0.001174
 49600.000000 0.001159
 49700.000000 0.001144
 49800.000000 0.001129
 49900.000000 0.001115
 50000.000000 0.001100
 50100.000000 0.001086
 50200.000000 0.001072
 50300.000000 0.001058
 50400.000000 0.001045
 50500.000000 0.001031
 50600.000000 0.001018
 50700.000000 0.001005
 50800.000000 0.000992
 50900.000000 0.000980
 51000.000000 0.000967
 51100.000000 0.000955
 51200.000000 0.000943
 51300.000000 0.000931
 51400.000000 0.000919
 51500.000000 0.000907
 51600.000000 0.000895
 51700.000000 0.000884
 51800.000000 0.000873
 51900.000000 0.000862
 52000.000000 0.000851
 52100.000000 0.000840
 52200.000000 0.000829
 52300.000000 0.000819
 52400.000000 0.000809
 52500.000000 0.000798
 52600.000000 0.000788
 52700.000000 0.000778
 52800.000000 0.000768
 52900.000000 0.000759
 53000.000000 0.000749
 53100.000000 0.000740
 53200.000000 0.000731
 53300.000000 0.000721
 53400.000000 0.000712
 53500.000000 0.000703
 53600.000000 0.000695
 53700.000000 0.000686
 53800.000000 0.000677
 53900.000000 0.000669
 54000.000000 0.000661
 54100.000000 0.000652
 54200.000000 0.000644
 54300.000000 0.000636
 54400.000000 0.000628
 54500.000000 0.000620
 54600.000000 0.000613
 54700.000000 0.000605
 54800.000000 0.000597
 54900.000000 0.000590
 55000.000000 0.000583
 55100.000000 0.000575
 55200.000000 0.000568
 55300.000000 0.000561
 55400.000000 0.000554
 55500.000000 0.000547
 55600.000000 0.000541
 55700.000000 0.000534
 55800.000000 0.000527
 55900.000000 0.000521
 56000.000000 0.000514
 56100.000000 0.000508
 56200.000000 0.000501
 56300.000000 0.000495
 56400.000000 0.000489
 56500.000000 0.000483
 56600.000000 0.000477
 56700.000000 0.000471
 56800.000000 0.000465
 56900.000000 0.000459
 57000.000000 0.000454
 57100.000000 0.000448
 57200.000000 0.000442
 57300.000000 0.000437
 57400.000000 0.000431
 57500.000000 0.000426
 57600.000000 0.000421
 57700.000000 0.000415
 57800.000000 0.000410
 57900.000000 0.000405
 58000.000000 0.000400
 58100.000000 0.000395
 58200.000000 0.000390
 58300.000000 0.000385
 58400.000000 0.000380
 58500.000000 0.000375
 58600.000000 0.000371
 58700.000000 0.000366
 58800.000000 0.000361
 58900.000000 0.000357
 59000.000000 0.000352
 59100.000000 0.000348
 59200.000000 0.000343
 59300.000000 0.000339
 59400.000000 0.000335
 59500.000000 0.000330
 59600.000000 0.000326
 59700.000000 0.000322
 59800.000000 0.000318
 59900.000000 0.000314
 60000.000000 0.000310
 60100.000000 0.000306
 60200.000000 0.000302
 60300.000000 0.000298
 60400.000000 0.000294
 60500.000000 0.000290
 60600.000000 0.000286
 60700.000000 0.000283
 60800.000000 0.000279
 60900.000000 0.000275
 61000.000000 0.000272
 61100.000000 0.000268
 61200.000000 0.000265
 61300.000000 0.000261
 61400.000000 0.000258
 61500.000000 0.000254
 61600.000000 0.000251
 61700.000000 0.000247
 61800.000000 0.000244
 61900.000000 0.000241
 62000.000000 0.000238
 62100.000000 0.000235
 62200.000000 0.000231
 62300.000000 0.000228
 62400.000000 0.000225
 62500.000000 0.000222
 62600.000000 0.000219
 62700.000000 0.000216
 62800.000000 0.000213
 62900.000000 0.000210
 63000.000000 0.000207
 63100.000000 0.000205
 63200.000000 0.000202
 63300.000000 0.000199
 63400.000000 0.000196
 63500.000000 0.000194
 63600.000000 0.000191
 63700.000000 0.000188
 63800.000000 0.000186
 63900.000000 0.000183
 64000.000000 0.000181
 64100.000000 0.000178
 64200.000000 0.000176
 64300.000000 0.000173
 64400.000000 0.000171
 64500.000000 0.000168
 64600.000000 0.000166
 64700.000000 0.000164
 64800.000000 0.000161
 64900.000000 0.000159
 65000.000000 0.000157
 65100.000000 0.000155
 65200.000000 0.000152
 65300.000000 0.000150
 65400.000000 0.000148
 65500.000000 0.000146
 65600.000000 0.000144
 65700.000000 0.000142
 65800.000000 0.000140
 65900.000000 0.000138
 66000.000000 0.000136
 66100.000000 0.000134
 66200.000000 0.000132
 66300.000000 0.000130
 66400.000000 0.000128
 66500.000000 0.000126
 66600.000000 0.000125
 66700.000000 0.000123
 66800.000000 0.000121
 66900.000000 0.000119
 67000.000000 0.000117
 67100.000000 0.000116
 67200.000000 0.000114
 67300.000000 0.000112
 67400.000000 0.000111
 67500.000000 0.000109
 67600.000000 0.000108
 67700.000000 0.000106
 67800.000000 0.000104
 67900.000000 0.000103
 68000.000000 0.000101
 68100.000000 0.000100
 68200.000000 0.000098
 68300.000000 0.000097
 68400.000000 0.000096
 68500.000000 0.000094
 68600.000000 0.000093
 68700.000000 0.000091
 68800.000000 0.000090
 68900.000000 0.000089
 69000.000000 0.000087
 69100.000000 0.000086
 69200.000000 0.000085
 69300.000000 0.000084
 69400.000000 0.000082
 69500.000000 0.000081
 69600.000000 0.000080
 69700.000000 0.000079
 69800.000000 0.000078
 69900.000000 0.000076
 70000.000000 0.000075
 70100.000000 0.000074
 70200.000000 0.000073
 70300.000000 0.000072
 70400.000000 0.000071
 70500.000000 0.000070
 70600.000000 0.000069
 70700.000000 0.000068
 70800.000000 0.000067
 70900.000000 0.000066
 71000.000000 0.000065
 71100.000000 0.000064
 71200.000000 0.000063
 71300.000000 0.000062
 71400.000000 0.000061
 71500.000000 0.000060
 71600.000000 0.000059
 71700.000000 0.000058
 71800.000000 0.000057
 71900.000000 0.000057
 72000.000000 0.000056
 72100.000000 0.000055
 72200.000000 0.000054
 72300.000000 0.000053
 72400.000000 0.000052
 72500.000000 0.000052
 72600.000000 0.000051
 72700.000000 0.000050
 72800.000000 0.000049
 72900.000000 0.000049
 73000.000000 0.000048
 73100.000000 0.000047
 73200.000000 0.000047
 73300.000000 0.000046
 73400.000000 0.000045
 73500.000000 0.000045
 73600.000000 0.000044
 73700.000000 0.000043
 73800.000000 0.000043
 73900.000000 0.000042
 74000.000000 0.000041
 74100.000000 0.000041
 74200.000000 0.000040
 74300.000000 0.000040
 74400.000000 0.000039
 74500.000000 0.000039
 74600.000000 0.000038
 74700.000000 0.000038
 74800.000000 0.000037
 74900.000000 0.000037
 75000.000000 0.000036
 75100.000000 0.000036
 75200.000000 0.000035
 75300.000000 0.000035
 75400.000000 0.000034
 75500.000000 0.000034
 75600.000000 0.000033
 75700.000000 0.000033
 75800.000000 0.000033
 75900.000000 0.000032
 76000.000000 0.000032
 76100.000000 0.000032
 76200.000000 0.000031
 76300.000000 0.000031
 76400.000000 0.000031
 76500.000000 0.000030
 76600.000000 0.000030
 76700.000000 0.000030
 76800.000000 0.000029
 76900.000000 0.000029
 77000.000000 0.000029
 77100.000000 0.000029
 77200.000000 0.000029
 77300.000000 0.000028
 77400.000000 0.000028
 77500.000000 0.000028
 77600.000000 0.000028
 77700.000000 0.000028
 77800.000000 0.000028
 77900.000000 0.000028
 78000.000000 0.000028
 78100.000000 0.000028
 78200.000000 0.000027
 78300.000000 0.000027
 78400.000000 0.000027
