0.000000 -4.084791
 100.000000 -4.079737
 200.000000 -4.069700
 300.000000 -4.054683
 400.000000 -4.034692
 500.000000 -4.009744
 600.000000 -3.979901
 700.000000 -3.945240
 800.000000 -3.905836
 900.000000 -3.861765
 1000.000000 -3.813101
 1100.000000 -3.759920
 1200.000000 -3.702299
 1300.000000 -3.640321
 1400.000000 -3.574107
 1500.000000 -3.503786
 1600.000000 -3.429488
 1700.000000 -3.351344
 1800.000000 -3.269481
 1900.000000 -3.184031
 2000.000000 -3.095122
 2100.000000 -3.002888
 2200.000000 -2.907477
 2300.000000 -2.809041
 2400.000000 -2.707733
 2500.000000 -2.603702
 2600.000000 -2.497103
 2700.000000 -2.388086
 2800.000000 -2.276804
 2900.000000 -2.163409
 3000.000000 -2.048053
 3100.000000 -1.930892
 3200.000000 -1.812078
 3300.000000 -1.691766
 3400.000000 -1.570108
 3500.000000 -1.447259
 3600.000000 -1.323372
 3700.000000 -1.198602
 3800.000000 -1.073101
 3900.000000 -0.947025
 4000.000000 -0.820526
 4100.000000 -0.693760
 4200.000000 -0.566879
 4300.000000 -0.440039
 4400.000000 -0.313392
 4500.000000 -0.187092
 4600.000000 -0.061291
 4700.000000 0.063863
 4800.000000 0.188219
 4900.000000 0.311628
 5000.000000 0.433938
 5100.000000 0.555001
 5200.000000 0.674666
 5300.000000 0.792787
 5400.000000 0.909237
 5500.000000 1.023891
 5600.000000 1.136625
 5700.000000 1.247315
 5800.000000 1.355836
 5900.000000 1.462066
 6000.000000 1.565879
 6100.000000 1.667160
 6200.000000 1.765828
 6300.000000 1.861810
 6400.000000 1.955033
 6500.000000 2.045425
 6600.000000 2.132912
 6700.000000 2.217422
 6800.000000 2.298882
 6900.000000 2.377229
 7000.000000 2.452440
 7100.000000 2.524500
 7200.000000 2.593397
 7300.000000 2.659116
 7400.000000 2.721644
 7500.000000 2.780967
 7600.000000 2.837072
 7700.000000 2.889951
 7800.000000 2.939628
 7900.000000 2.986133
 8000.000000 3.029496
 8100.000000 3.069746
 8200.000000 3.106915
 8300.000000 3.141031
 8400.000000 3.172125
 8500.000000 3.200231
 8600.000000 3.225397
 8700.000000 3.247677
 8800.000000 3.267121
 8900.000000 3.283783
 9000.000000 3.297716
 9100.000000 3.308971
 9200.000000 3.317601
 9300.000000 3.323659
 9400.000000 3.327204
 9500.000000 3.328293
 9600.000000 3.326984
 9700.000000 3.323338
 9800.000000 3.317411
 9900.000000 3.309262
 10000.000000 3.298950
 10100.000000 3.286533
 10200.000000 3.272073
 10300.000000 3.255630
 10400.000000 3.237265
 10500.000000 3.217040
 10600.000000 3.195014
 10700.000000 3.171250
 10800.000000 3.145807
 10900.000000 3.118748
 11000.000000 3.090136
 11100.000000 3.060033
 11200.000000 3.028504
 11300.000000 2.995612
 11400.000000 2.961419
 11500.000000 2.925991
 11600.000000 2.889390
 11700.000000 2.851679
 11800.000000 2.812924
 11900.000000 2.773188
 12000.000000 2.732536
 12100.000000 2.691032
 12200.000000 2.648742
 12300.000000 2.605728
 12400.000000 2.562057
 12500.000000 2.517791
 12600.000000 2.472993
 12700.000000 2.427726
 12800.000000 2.382052
 12900.000000 2.336033
 13000.000000 2.289730
 13100.000000 2.243207
 13200.000000 2.196525
 13300.000000 2.149746
 13400.000000 2.102923
 13500.000000 2.056110
 13600.000000 2.009361
 13700.000000 1.962729
 13800.000000 1.916266
 13900.000000 1.870027
 14000.000000 1.824065
 14100.000000 1.778430
 14200.000000 1.733163
 14300.000000 1.688304
 14400.000000 1.643890
 14500.000000 1.599960
 14600.000000 1.556553
 14700.000000 1.513707
 14800.000000 1.471461
 14900.000000 1.429850
 15000.000000 1.388901
 15100.000000 1.348636
 15200.000000 1.309078
 15300.000000 1.270251
 15400.000000 1.232177
 15500.000000 1.194880
 15600.000000 1.158381
 15700.000000 1.122703
 15800.000000 1.087855
 15900.000000 1.053847
 16000.000000 1.020686
 16100.000000 0.988381
 16200.000000 0.956940
 16300.000000 0.926372
 16400.000000 0.896684
 16500.000000 0.867884
 16600.000000 0.839969
 16700.000000 0.812935
 16800.000000 0.786779
 16900.000000 0.761496
 17000.000000 0.737082
 17100.000000 0.713533
 17200.000000 0.690846
 17300.000000 0.669014
 17400.000000 0.648024
 17500.000000 0.627864
 17600.000000 0.608517
 17700.000000 0.589970
 17800.000000 0.572208
 17900.000000 0.555217
 18000.000000 0.538982
 18100.000000 0.523487
 18200.000000 0.508711
 18300.000000 0.494627
 18400.000000 0.481213
 18500.000000 0.468444
 18600.000000 0.456296
 18700.000000 0.444744
 18800.000000 0.433764
 18900.000000 0.423331
 19000.000000 0.413410
 19100.000000 0.403968
 19200.000000 0.394970
 19300.000000 0.386380
 19400.000000 0.378163
 19500.000000 0.370286
 19600.000000 0.362712
 19700.000000 0.355406
 19800.000000 0.348326
 19900.000000 0.341429
 20000.000000 0.334670
 20100.000000 0.328007
 20200.000000 0.321396
 20300.000000 0.314794
 20400.000000 0.308158
 20500.000000 0.301443
 20600.000000 0.294607
 20700.000000 0.287604
 20800.000000 0.280393
 20900.000000 0.272927
 21000.000000 0.265164
 21100.000000 0.257060
 21200.000000 0.248571
 21300.000000 0.239654
 21400.000000 0.230273
 21500.000000 0.220393
 21600.000000 0.209979
 21700.000000 0.198997
 21800.000000 0.187410
 21900.000000 0.175185
 22000.000000 0.162287
 22100.000000 0.148682
 22200.000000 0.134348
 22300.000000 0.119263
 22400.000000 0.103406
 22500.000000 0.086756
 22600.000000 0.069292
 22700.000000 0.050993
 22800.000000 0.031838
 22900.000000 0.011808
 23000.000000 -0.009107
 23100.000000 -0.030916
 23200.000000 -0.053627
 23300.000000 -0.077247
 23400.000000 -0.101784
 23500.000000 -0.127247
 23600.000000 -0.153643
 23700.000000 -0.180980
 23800.000000 -0.209259
 23900.000000 -0.238478
 24000.000000 -0.268639
 24100.000000 -0.299741
 24200.000000 -0.331783
 24300.000000 -0.364766
 24400.000000 -0.398690
 24500.000000 -0.433553
 24600.000000 -0.469349
 24700.000000 -0.506071
 24800.000000 -0.543712
 24900.000000 -0.582264
 25000.000000 -0.621722
 25100.000000 -0.662077
 25200.000000 -0.703323
 25300.000000 -0.745450
 25400.000000 -0.788443
 25500.000000 -0.832284
 25600.000000 -0.876956
 25700.000000 -0.922440
 25800.000000 -0.968718
 25900.000000 -1.015774
 26000.000000 -1.063589
 26100.000000 -1.112144
 26200.000000 -1.161408
 26300.000000 -1.211349
 26400.000000 -1.261935
 26500.000000 -1.313134
 26600.000000 -1.364913
 26700.000000 -1.417240
 26800.000000 -1.470082
 26900.000000 -1.523406
 27000.000000 -1.577169
 27100.000000 -1.631325
 27200.000000 -1.685831
 27300.000000 -1.740641
 27400.000000 -1.795710
 27500.000000 -1.850994
 27600.000000 -1.906448
 27700.000000 -1.962026
 27800.000000 -2.017681
 27900.000000 -2.073365
 28000.000000 -2.129028
 28100.000000 -2.184623
 28200.000000 -2.240102
 28300.000000 -2.295415
 28400.000000 -2.350516
 28500.000000 -2.405355
 28600.000000 -2.459889
 28700.000000 -2.514074
 28800.000000 -2.567866
 28900.000000 -2.621222
 29000.000000 -2.674098
 29100.000000 -2.726450
 29200.000000 -2.778235
 29300.000000 -2.829409
 29400.000000 -2.879938
 29500.000000 -2.929784
 29600.000000 -2.978911
 29700.000000 -3.027286
 29800.000000 -3.074871
 29900.000000 -3.121632
 30000.000000 -3.167532
 30100.000000 -3.212538
 30200.000000 -3.256620
 30300.000000 -3.299750
 30400.000000 -3.341900
 30500.000000 -3.383042
 30600.000000 -3.423149
 30700.000000 -3.462192
 30800.000000 -3.500143
 30900.000000 -3.536976
 31000.000000 -3.572668
 31100.000000 -3.607198
 31200.000000 -3.640544
 31300.000000 -3.672686
 31400.000000 -3.703601
 31500.000000 -3.733270
 31600.000000 -3.761669
 31700.000000 -3.788780
 31800.000000 -3.814587
 31900.000000 -3.839077
 32000.000000 -3.862237
 32100.000000 -3.884052
 32200.000000 -3.904511
 32300.000000 -3.923598
 32400.000000 -3.941302
 32500.000000 -3.957608
 32600.000000 -3.972514
 32700.000000 -3.986014
 32800.000000 -3.998105
 32900.000000 -4.008784
 33000.000000 -4.018047
 33100.000000 -4.025889
 33200.000000 -4.032308
 33300.000000 -4.037301
 33400.000000 -4.040873
 33500.000000 -4.043030
 33600.000000 -4.043779
 33700.000000 -4.043125
 33800.000000 -4.041075
 33900.000000 -4.037635
 34000.000000 -4.032811
 34100.000000 -4.026612
 34200.000000 -4.019050
 34300.000000 -4.010143
 34400.000000 -3.999904
 34500.000000 -3.988349
 34600.000000 -3.975495
 34700.000000 -3.961356
 34800.000000 -3.945947
 34900.000000 -3.929287
 35000.000000 -3.911396
 35100.000000 -3.892298
 35200.000000 -3.872016
 35300.000000 -3.850574
 35400.000000 -3.827994
 35500.000000 -3.804301
 35600.000000 -3.779517
 35700.000000 -3.753667
 35800.000000 -3.726778
 35900.000000 -3.698877
 36000.000000 -3.669995
 36100.000000 -3.640157
 36200.000000 -3.609394
 36300.000000 -3.577732
 36400.000000 -3.545201
 36500.000000 -3.511828
 36600.000000 -3.477642
 36700.000000 -3.442670
 36800.000000 -3.406940
 36900.000000 -3.370481
 37000.000000 -3.333321
 37100.000000 -3.295488
 37200.000000 -3.257009
 37300.000000 -3.217912
 37400.000000 -3.178219
 37500.000000 -3.137952
 37600.000000 -3.097133
 37700.000000 -3.055782
 37800.000000 -3.013921
 37900.000000 -2.971572
 38000.000000 -2.928756
 38100.000000 -2.885494
 38200.000000 -2.841797
 38300.000000 -2.797677
 38400.000000 -2.753146
 38500.000000 -2.708214
 38600.000000 -2.662893
 38700.000000 -2.617194
 38800.000000 -2.571127
 38900.000000 -2.524704
 39000.000000 -2.477928
 39100.000000 -2.430802
 39200.000000 -2.383329
 39300.000000 -2.335512
 39400.000000 -2.287353
 39500.000000 -2.238856
 39600.000000 -2.190024
 39700.000000 -2.140858
 39800.000000 -2.091362
 39900.000000 -2.041536
 40000.000000 -1.991382
 40100.000000 -1.940902
 40200.000000 -1.890097
 40300.000000 -1.838968
 40400.000000 -1.787518
 40500.000000 -1.735748
 40600.000000 -1.683666
 40700.000000 -1.631279
 40800.000000 -1.578594
 40900.000000 -1.525619
 41000.000000 -1.472362
 41100.000000 -1.418831
 41200.000000 -1.365032
 41300.000000 -1.310976
 41400.000000 -1.256680
 41500.000000 -1.202162
 41600.000000 -1.147442
 41700.000000 -1.092539
 41800.000000 -1.037472
 41900.000000 -0.982259
 42000.000000 -0.926921
 42100.000000 -0.871478
 42200.000000 -0.815962
 42300.000000 -0.760407
 42400.000000 -0.704847
 42500.000000 -0.649316
 42600.000000 -0.593848
 42700.000000 -0.538476
 42800.000000 -0.483235
 42900.000000 -0.428161
 43000.000000 -0.373302
 43100.000000 -0.318707
 43200.000000 -0.264427
 43300.000000 -0.210512
 43400.000000 -0.157012
 43500.000000 -0.103976
 43600.000000 -0.051456
 43700.000000 0.000498
 43800.000000 0.051822
 43900.000000 0.102452
 44000.000000 0.152324
 44100.000000 0.201373
 44200.000000 0.249535
 44300.000000 0.296745
 44400.000000 0.342940
 44500.000000 0.388052
 44600.000000 0.432011
 44700.000000 0.474745
 44800.000000 0.516181
 44900.000000 0.556248
 45000.000000 0.594873
 45100.000000 0.631983
 45200.000000 0.667508
 45300.000000 0.701373
 45400.000000 0.733511
 45500.000000 0.763850
 45600.000000 0.792322
 45700.000000 0.818856
 45800.000000 0.843383
 45900.000000 0.865833
 46000.000000 0.886137
 46100.000000 0.904227
 46200.000000 0.920045
 46300.000000 0.933534
 46400.000000 0.944637
 46500.000000 0.953300
 46600.000000 0.959465
 46700.000000 0.963077
 46800.000000 0.964079
 46900.000000 0.962418
 47000.000000 0.958059
 47100.000000 0.950969
 47200.000000 0.941117
 47300.000000 0.928469
 47400.000000 0.912995
 47500.000000 0.894661
 47600.000000 0.873436
 47700.000000 0.849293
 47800.000000 0.822226
 47900.000000 0.792236
 48000.000000 0.759323
 48100.000000 0.723487
 48200.000000 0.684729
 48300.000000 0.643047
 48400.000000 0.598444
 48500.000000 0.550924
 48600.000000 0.500519
 48700.000000 0.447266
 48800.000000 0.391203
 48900.000000 0.332366
 49000.000000 0.270793
 49100.000000 0.206522
 49200.000000 0.139589
 49300.000000 0.070037
 49400.000000 -0.002063
 49500.000000 -0.076637
 49600.000000 -0.153610
 49700.000000 -0.232905
 49800.000000 -0.314449
 49900.000000 -0.398165
 50000.000000 -0.483978
 50100.000000 -0.571808
 50200.000000 -0.661549
 50300.000000 -0.753092
 50400.000000 -0.846326
 50500.000000 -0.941142
 50600.000000 -1.037429
 50700.000000 -1.135077
 50800.000000 -1.233977
 50900.000000 -1.334012
 51000.000000 -1.435052
 51100.000000 -1.536960
 51200.000000 -1.639599
 51300.000000 -1.742832
 51400.000000 -1.846523
 51500.000000 -1.950536
 51600.000000 -2.054733
 51700.000000 -2.158977
 51800.000000 -2.263121
 51900.000000 -2.367016
 52000.000000 -2.470515
 52100.000000 -2.573468
 52200.000000 -2.675728
 52300.000000 -2.777147
 52400.000000 -2.877575
 52500.000000 -2.976866
 52600.000000 -3.074874
 52700.000000 -3.171453
 52800.000000 -3.266458
 52900.000000 -3.359745
 53000.000000 -3.451168
 53100.000000 -3.540582
 53200.000000 -3.627843
 53300.000000 -3.712806
 53400.000000 -3.795340
 53500.000000 -3.875312
 53600.000000 -3.952593
 53700.000000 -4.027051
 53800.000000 -4.098554
 53900.000000 -4.166974
 54000.000000 -4.232177
 54100.000000 -4.294037
 54200.000000 -4.352443
 54300.000000 -4.407287
 54400.000000 -4.458461
 54500.000000 -4.505857
 54600.000000 -4.549367
 54700.000000 -4.588884
 54800.000000 -4.624300
 54900.000000 -4.655512
 55000.000000 -4.682440
 55100.000000 -4.705006
 55200.000000 -4.723134
 55300.000000 -4.736749
 55400.000000 -4.745773
 55500.000000 -4.750132
 55600.000000 -4.749747
 55700.000000 -4.744551
 55800.000000 -4.734499
 55900.000000 -4.719555
 56000.000000 -4.699682
 56100.000000 -4.674843
 56200.000000 -4.645001
 56300.000000 -4.610120
 56400.000000 -4.570163
 56500.000000 -4.525101
 56600.000000 -4.474937
 56700.000000 -4.419683
 56800.000000 -4.359350
 56900.000000 -4.293949
 57000.000000 -4.223492
 57100.000000 -4.147988
 57200.000000 -4.067451
 57300.000000 -3.981900
 57400.000000 -3.891390
 57500.000000 -3.795989
 57600.000000 -3.695760
 57700.000000 -3.590768
 57800.000000 -3.481080
 57900.000000 -3.366759
 58000.000000 -3.247872
 58100.000000 -3.124493
 58200.000000 -2.996729
 58300.000000 -2.864700
 58400.000000 -2.728524
 58500.000000 -2.588317
 58600.000000 -2.444199
 58700.000000 -2.296286
 58800.000000 -2.144698
 58900.000000 -1.989558
 59000.000000 -1.831023
 59100.000000 -1.669255
 59200.000000 -1.504415
 59300.000000 -1.336666
 59400.000000 -1.166171
 59500.000000 -0.993092
 59600.000000 -0.817591
 59700.000000 -0.639836
 59800.000000 -0.460017
 59900.000000 -0.278327
 60000.000000 -0.094961
 60100.000000 0.089885
 60200.000000 0.276018
 60300.000000 0.463243
 60400.000000 0.651365
 60500.000000 0.840187
 60600.000000 1.029501
 60700.000000 1.219096
 60800.000000 1.408763
 60900.000000 1.598290
 61000.000000 1.787467
 61100.000000 1.976084
 61200.000000 2.163931
 61300.000000 2.350797
 61400.000000 2.536479
 61500.000000 2.720773
 61600.000000 2.903476
 61700.000000 3.084385
 61800.000000 3.263297
 61900.000000 3.440008
 62000.000000 3.614316
 62100.000000 3.786022
 62200.000000 3.954948
 62300.000000 4.120924
 62400.000000 4.283775
 62500.000000 4.443330
 62600.000000 4.599417
 62700.000000 4.751863
 62800.000000 4.900495
 62900.000000 5.045150
 63000.000000 5.185698
 63100.000000 5.322014
 63200.000000 5.453978
 63300.000000 5.581466
 63400.000000 5.704356
 63500.000000 5.822525
 63600.000000 5.935851
 63700.000000 6.044223
 63800.000000 6.147573
 63900.000000 6.245845
 64000.000000 6.338982
 64100.000000 6.426930
 64200.000000 6.509631
 64300.000000 6.587029
 64400.000000 6.659068
 64500.000000 6.725705
 64600.000000 6.786946
 64700.000000 6.842812
 64800.000000 6.893322
 64900.000000 6.938496
 65000.000000 6.978354
 65100.000000 7.012915
 65200.000000 7.042200
 65300.000000 7.066241
 65400.000000 7.085119
 65500.000000 7.098932
 65600.000000 7.107775
 65700.000000 7.111742
 65800.000000 7.110930
 65900.000000 7.105433
 66000.000000 7.095348
 66100.000000 7.080780
 66200.000000 7.061880
 66300.000000 7.038809
 66400.000000 7.011727
 66500.000000 6.980797
 66600.000000 6.946178
 66700.000000 6.908032
 66800.000000 6.866521
 66900.000000 6.821811
 67000.000000 6.774102
 67100.000000 6.723598
 67200.000000 6.670505
 67300.000000 6.615027
 67400.000000 6.557371
 67500.000000 6.497740
 67600.000000 6.436340
 67700.000000 6.373378
 67800.000000 6.309071
 67900.000000 6.243636
 68000.000000 6.177292
 68100.000000 6.110257
 68200.000000 6.042750
 68300.000000 5.974987
 68400.000000 5.907189
 68500.000000 5.839568
 68600.000000 5.772328
 68700.000000 5.705667
 68800.000000 5.639784
 68900.000000 5.574876
 69000.000000 5.511143
 69100.000000 5.448783
 69200.000000 5.387994
 69300.000000 5.328968
 69400.000000 5.271866
 69500.000000 5.216841
 69600.000000 5.164047
 69700.000000 5.113638
 69800.000000 5.065767
 69900.000000 5.020588
 70000.000000 4.978255
 70100.000000 4.938911
 70200.000000 4.902660
 70300.000000 4.869594
 70400.000000 4.839807
 70500.000000 4.813391
 70600.000000 4.790441
 70700.000000 4.771050
 70800.000000 4.755310
 70900.000000 4.743303
 71000.000000 4.735065
 71100.000000 4.730621
 71200.000000 4.729996
 71300.000000 4.733215
 71400.000000 4.740301
 71500.000000 4.751280
 71600.000000 4.766177
 71700.000000 4.785003
 71800.000000 4.807728
 71900.000000 4.834306
 72000.000000 4.864693
 72100.000000 4.898844
 72200.000000 4.936716
 72300.000000 4.978265
 72400.000000 5.023445
 72500.000000 5.072202
 72600.000000 5.124440
 72700.000000 5.180052
 72800.000000 5.238932
 72900.000000 5.300972
 73000.000000 5.366066
 73100.000000 5.434107
 73200.000000 5.504988
 73300.000000 5.578595
 73400.000000 5.654781
 73500.000000 5.733389
 73600.000000 5.814265
 73700.000000 5.897253
 73800.000000 5.982198
 73900.000000 6.068944
 74000.000000 6.157336
 74100.000000 6.247215
 74200.000000 6.338402
 74300.000000 6.430716
 74400.000000 6.523977
 74500.000000 6.618002
 74600.000000 6.712609
 74700.000000 6.807618
 74800.000000 6.902846
 74900.000000 6.998112
 75000.000000 7.093236
 75100.000000 7.188036
 75200.000000 7.282333
 75300.000000 7.375944
 75400.000000 7.468690
 75500.000000 7.560390
 75600.000000 7.650864
 75700.000000 7.739934
 75800.000000 7.827440
 75900.000000 7.913227
 76000.000000 7.997140
 76100.000000 8.079021
 76200.000000 8.158715
 76300.000000 8.236067
 76400.000000 8.310920
 76500.000000 8.383126
 76600.000000 8.452563
 76700.000000 8.519117
 76800.000000 8.582674
 76900.000000 8.643119
 77000.000000 8.700339
 77100.000000 8.754219
 77200.000000 8.804645
 77300.000000 8.851511
 77400.000000 8.894746
 77500.000000 8.934289
 77600.000000 8.970078
 77700.000000 9.002050
 77800.000000 9.030143
 77900.000000 9.054295
 78000.000000 9.074444
 78100.000000 9.090538
 78200.000000 9.102563
 78300.000000 9.110515
 78400.000000 9.114390
